91006800 10010001000000000110100000000000 00000000011010000000000010010001
D100239C 11010001000000000010001110011100 10011100001000110000000011010001
F800039E 11111000000000000000001110011110 10011110000000110000000011111000
EB000171 11101011000000000000000101110001 01110001000000010000000011101011
540000CC 01010100000000000000000011001100 11001100000000000000000001010100
91010569 10010001000000010000010101101001 01101001000001010000000110010001
F8000149 11111000000000000000000101001001 01001001000000010000000011111000
9100056B 10010001000000000000010101101011 01101011000001010000000010010001
9100214A 10010001000000000010000101001010 01001010001000010000000010010001
17FFFFFA 00010111111111111111111111111010 11111010111111111111111100010111
FFC00000 11111111110000000000000000000000 00000000000000001100000011111111